start=0.000000
mute=yes
video-aspect-override=0.000000
