start=19.133333
volume=53.649971
fullscreen=yes
