start=65.481165
pause=yes
volume=61.999748
