start=354.721000
pause=yes
volume=100.849983
audio-delay=-0.000000
fullscreen=yes
contrast=-1
aid=2
