start=52.466667
volume=74.666710
fullscreen=yes
